[
    {
        "time": 0.95,
        "pose": [
            [0.99358621, -0.00245376, 0.11305054, 0.53649348],
            [0.00578573, 0.99955817, -0.02915463, 0.11812715],
            [-0.11292905, 0.02962171, 0.99316141, 0.29801934]
        ]
    },
    {
        "time": 0.35,
        "pose": [
            [0.99358621, -0.00245376, 0.11305054, 0.23649348],
            [0.00578573, 0.99955817, -0.02915463, 0.51812715],
            [-0.11292905, 0.02962171, 0.99316141, 0.29801934]
        ]
    },
    {
        "time": 0.05,
        "pose": [
            [0.99358621, -0.00245376, 0.11305054, 0.23649348],
            [0.00578573, 0.99955817, -0.02915463, 0.11812715],
            [-0.11292905, 0.02962171, 0.99316141, 0.59801934]
        ]
    }
]
